1,
0, 0, 0, 3,
    0, 0, 0, 36,
        0, 0, 0, 29,
    0, 0, 0, 108,
        0, 0, 0, 98,
    0, 0, 0, 98,
        0, 0, 0, 135,
1,
0, 0, 0, 2,
    0, 0, 0, 36,
        0, 0, 0, 50,
    0, 0, 0, 108,
        0, 0, 0, 74,
1,
0, 0, 0, 1,
    0, 0, 0, 108,
        0, 0, 0, 63,
2,
0, 0, 0, 1,
    0, 0, 0, 1,
    1, 4,
1,
0, 0, 0, 1,
    0, 0, 0, 98,
        0, 0, 0, 87,
2,
0, 0, 0, 1,
    0, 0, 0, 1,
    1, 4,
1,
0, 0, 0, 1,
    0, 0, 0, 98,
        0, 0, 0, 111,
1,
0, 0, 0, 1,
    0, 0, 0, 36,
        0, 0, 0, 124,
2,
0, 0, 0, 1,
    0, 0, 0, 1,
    1, 4,
1,
0, 0, 0, 1,
    0, 0, 0, 36,
        0, 0, 0, 148,
1,
0, 0, 0, 1,
    0, 0, 0, 36,
        0, 0, 0, 161,
2,
0, 0, 0, 1,
    0, 0, 0, 1,
    1, 4,
